Ma trận vuông 1:
  8.170   3.974   6.772   6.148   2.185   4.899
  6.377   1.951   5.962   4.200   5.922   8.060
  9.988   5.812   2.790   6.590   8.133   5.053
  8.407   2.375   2.219   4.040   5.230   7.061
  3.483   1.628   9.614   2.009   5.424   1.607
  7.677   2.856   2.527   2.719   4.899   8.671

Ma trận vuông 2:
  2.223   1.065   3.731   7.308   2.018   6.386
  2.638   4.750   8.970   7.625   9.289   6.082
  6.925   3.559   1.405   1.704   9.282   5.287
  6.066   5.061   9.965   7.698   1.933   8.992
  6.496   9.477   8.508   9.049   2.971   3.390
  7.526   8.330   3.721   7.402   9.426   7.756

Ma trận 1 chuyển vị:
  8.170   6.377   9.988   8.407   3.483   7.677
  3.974   1.951   5.812   2.375   1.628   2.856
  6.772   5.962   2.790   2.219   9.614   2.527
  6.148   4.200   6.590   4.040   2.009   2.719
  2.185   5.922   8.133   5.230   5.424   4.899
  4.899   8.060   5.053   7.061   1.607   8.671

Ma trận 2 chuyển vị:
  2.223   2.638   6.925   6.066   6.496   7.526
  1.065   4.750   3.559   5.061   9.477   8.330
  3.731   8.970   1.405   9.965   8.508   3.721
  7.308   7.625   1.704   7.698   9.049   7.402
  2.018   9.289   9.282   1.933   2.971   9.426
  6.386   6.082   5.287   8.992   3.390   7.756

Đường chéo chính của ma trận 1:
[8.170289919138638, 1.9510451607005392, 2.7901359762522118, 4.039860437436419, 5.4241236647458715, 8.671334881140735]

Đường chéo chính của ma trận 2:
[2.2225967704959317, 4.749979515898877, 1.4052761991559706, 7.69768853422633, 2.9710814609745317, 7.7555472420586185]

Đường chéo phụ của ma trận 1:
[8.671334881140735, 5.4241236647458715, 4.039860437436419, 2.7901359762522118, 1.9510451607005392, 8.170289919138638]

Đường chéo phụ của ma trận 2:
[7.7555472420586185, 2.9710814609745317, 7.69768853422633, 1.4052761991559706, 4.749979515898877, 2.2225967704959317]

Tổng của hai ma trận:
 10.393   5.038  10.502  13.456   4.204  11.286
  9.015   6.701  14.932  11.825  15.212  14.142
 16.914   9.371   4.195   8.294  17.415  10.340
 14.473   7.436  12.184  11.738   7.163  16.053
  9.979  11.105  18.122  11.058   8.395   4.997
 15.203  11.187   6.248  10.121  14.326  16.427

Hiệu của ma trận 1 cho ma trận 2:
  5.948   2.909   3.041  -1.160   0.167  -1.487
  3.738  -2.799  -3.008  -3.425  -3.367   1.978
  3.063   2.253   1.385   4.886  -1.148  -0.235
  2.342  -2.686  -7.746  -3.658   3.298  -1.931
 -3.013  -7.849   1.106  -7.041   2.453  -1.783
  0.151  -5.474  -1.194  -4.683  -4.527   0.916

Tích của hai ma trận:
 36.872  40.814  18.230  36.265  46.184  37.998
 60.656  67.141  29.989  59.658  75.974  62.508
 38.024  42.090  18.800  37.399  47.627  39.185
 53.141  58.822  26.274  52.267  66.561  54.763
 12.093  13.386   5.979  11.894  15.147  12.462
 65.259  72.236  32.265  64.185  81.739  67.251

Ma trận bậc thang của ma trận 1 dùng phép khử Gauss:
  9.988   5.812   2.790   6.590   8.133   5.053
  0.000  -2.517  -0.129  -1.507  -1.616   2.808
  0.000  -0.000   8.662  -0.050   2.844  -0.600
 -0.000   0.000   0.000  -1.379  -0.471   3.023
 -0.000   0.000   0.000   0.000  -5.881   2.952
 -0.000   0.000   0.000   0.000   0.000   5.560

Ma trận bậc thang của ma trận 2 dùng phép khử Gauss:
  7.526   8.330   3.721   7.402   9.426   7.756
  0.000  -4.107  -2.019  -5.107   0.608  -1.849
  0.000   0.000   7.779   3.788  -5.909   3.486
  0.000   0.000   0.000   5.241   1.548   3.238
  0.000   0.000   0.000   0.000  11.555  -0.159
  0.000   0.000   0.000   0.000   0.000  -4.850